EEF pose:
[[-0.91420246 -0.07163841  0.39887567  0.48603311]
 [-0.10682834  0.99203946 -0.06667391  0.06171725]
 [-0.390924   -0.10356467 -0.91457793  0.64882293]
 [ 0.          0.          0.          1.        ]]
ArUco pose: 
[[ 0.03431    -0.98575709 -0.16463832 -0.00816519]
 [-0.99911553 -0.02982413 -0.02964261 -0.11140671]
 [ 0.02431021  0.16550974 -0.98590848  1.23694583]
 [ 0.          0.          0.          1.        ]]
Calibrated pose: 
[[-0.92807444 -0.37179486  0.02112858 -0.05977287]
 [ 0.36674774 -0.922372   -0.12135071  0.01571759]
 [ 0.06460598 -0.10487363  0.9923848   0.30039836]
 [ 0.          0.          0.          1.        ]]

 Marker pose base frame: 
 [[-5.03705695e-01  1.12264838e-04  8.63875315e-01  7.93093735e-01]
 [ 4.33998083e-04  9.99999898e-01  1.23099339e-04  5.24251580e-06]
 [-8.63875213e-01  4.36926069e-04 -5.03705693e-01  3.63020532e-01]
 [ 0.00000000e+00  0.00000000e+00  0.00000000e+00  1.00000000e+00]]
Marker pose camera frame: 
[[ 0.06874567 -0.99668754  0.04345079 -0.08165946]
 [-0.97944418 -0.05914906  0.19284836  0.18982195]
 [-0.18963949 -0.05581512 -0.98026605  1.15252958]
 [ 0.          0.          0.          1.        ]]
Calibrated pose: 
[[-8.75774591e-01 -3.79690018e-01  2.98084478e-01  2.07211902e-01]
 [ 3.97740283e-01 -9.17498041e-01 -1.14110022e-04 -1.52471385e-01]
 [ 2.73535251e-01  1.18460270e-01  9.54539486e-01  3.61208041e-01]
 [ 0.00000000e+00  0.00000000e+00  0.00000000e+00  1.00000000e+00]]